0080
0479
0187
0116
0552
0118
0549
0477
0082
0550
0564
0565
0561
0562
0563
0566
0117
0189
0081
0478
0551
0455
0454
0453
0456
0450
0442
0519
0459
0446
0461
0449
0447
0448
0443
0460
0462
0445
0452
0444
0451
0542
0572
0411
0415
0412
0414
0417
0416
0410
0413
0573
0051
0543
0544
0546
0560
0585
0052
0545
0053
0069
0050
0431
0429
0432
0430
0437
0434
0435
0436
0440
0439
0567
0433
0089
0095
0406
0399
0094
0403
0397
0405
0404
0419
0402
0096
0398
0087
0401
0400
0088
0071
0570
0260
0584
0199
0254
0204
0258
0255
0202
0074
0070
0256
0200
0078
0129
0257
0079
0073
0472
0425
0569
0568
0582
0476
0457
0372
0371
0474
0426
0473
0427
0093
0092
0113
0137
0141
0115
0132
0136
0138
0139
0140
0160
0111
0130
0131
0110
0133
0134
0114
0112
0135
0553
0554
0555
0441
0319
0548
0387
0332
0331
0330
0329
0328
0326
0324
0487
0376
0375
0289
0378
0291
0374
0438
0281
0377
0292
0385
0382
0381
0386
0380
0379
0383
0384
0266
0265
0271
0523
0520
0525
0522
0521
0365
0366
0574
0150
0268
0524
0148
0151
0267
0363
0364
0152
0109
0586
0206
0040
0208
0039
0128
0142
0143
0144
0098
0041
0108
0482
0483
0485
0480
0484
0481
0486
0493
0058
0062
0278
0061
0494
0059
0263
0063
0264
0279
0065
0066
0370
0060
0034
0091
0465
0466
0467
0557
0464
0054
0033
0145
0035
0547
0037
0038
0055
0190
0191
0154
0409
0161
0250
0072
0463
0499
0495
0182
0496
0180
0122
0105
0101
0104
0103
0099
0428
0418
0497
0178
0179
0498
0107
